{
 "cells": [
  {
   "cell_type": "markdown",
   "metadata": {},
   "source": [
    "# Цель Работы\n",
    "Основная цель данной лабораторной работы - рассмотреть работу алгоритма нечеткой кластеризации Густафсона-Кесселя (англ. Gustafson-Kessel, сокращенно GK) в сравнении с алгоритмом нечёткой кластеризации C-средних (англ. Fuzzy C-means Algorithm, сокращенно CM) и сделать выводы относительно алгоритмов на основе полученных результатов.\n",
    "\n",
    "\n",
    "# Ход Работы\n",
    "\n",
    "Для работы с алгоритмами нечеткой кластеризации в этом проекте будет использован пакет языка R под названием advclust.\n",
    "Этот пакет содержит несколько нечетких методов кластеризации, включая и необходимые нам методы CM и GK.\n",
    "\n",
    "В самом начале, загрузим необходимые нам пакеты R и сам датасет iris:"
   ]
  },
  {
   "cell_type": "code",
   "execution_count": 1,
   "metadata": {
    "scrolled": true
   },
   "outputs": [],
   "source": [
    "library(datasets) # загружаем пакет стандартных датасетов\n",
    "data(iris) # загружаем датасет iris \n",
    "library(advclust) # загружаем пакет для работы с нечеткими методами кластеризации"
   ]
  },
  {
   "cell_type": "markdown",
   "metadata": {},
   "source": [
    "Отобразим первые строки датасета iris, чтобы понять, какие данные и значения он содержит:"
   ]
  },
  {
   "cell_type": "code",
   "execution_count": 2,
   "metadata": {
    "scrolled": false
   },
   "outputs": [
    {
     "data": {
      "text/html": [
       "<table>\n",
       "<caption>A data.frame: 6 × 5</caption>\n",
       "<thead>\n",
       "\t<tr><th></th><th scope=col>Sepal.Length</th><th scope=col>Sepal.Width</th><th scope=col>Petal.Length</th><th scope=col>Petal.Width</th><th scope=col>Species</th></tr>\n",
       "\t<tr><th></th><th scope=col>&lt;dbl&gt;</th><th scope=col>&lt;dbl&gt;</th><th scope=col>&lt;dbl&gt;</th><th scope=col>&lt;dbl&gt;</th><th scope=col>&lt;fct&gt;</th></tr>\n",
       "</thead>\n",
       "<tbody>\n",
       "\t<tr><th scope=row>1</th><td>5.1</td><td>3.5</td><td>1.4</td><td>0.2</td><td>setosa</td></tr>\n",
       "\t<tr><th scope=row>2</th><td>4.9</td><td>3.0</td><td>1.4</td><td>0.2</td><td>setosa</td></tr>\n",
       "\t<tr><th scope=row>3</th><td>4.7</td><td>3.2</td><td>1.3</td><td>0.2</td><td>setosa</td></tr>\n",
       "\t<tr><th scope=row>4</th><td>4.6</td><td>3.1</td><td>1.5</td><td>0.2</td><td>setosa</td></tr>\n",
       "\t<tr><th scope=row>5</th><td>5.0</td><td>3.6</td><td>1.4</td><td>0.2</td><td>setosa</td></tr>\n",
       "\t<tr><th scope=row>6</th><td>5.4</td><td>3.9</td><td>1.7</td><td>0.4</td><td>setosa</td></tr>\n",
       "</tbody>\n",
       "</table>\n"
      ],
      "text/latex": [
       "A data.frame: 6 × 5\n",
       "\\begin{tabular}{r|lllll}\n",
       "  & Sepal.Length & Sepal.Width & Petal.Length & Petal.Width & Species\\\\\n",
       "  & <dbl> & <dbl> & <dbl> & <dbl> & <fct>\\\\\n",
       "\\hline\n",
       "\t1 & 5.1 & 3.5 & 1.4 & 0.2 & setosa\\\\\n",
       "\t2 & 4.9 & 3.0 & 1.4 & 0.2 & setosa\\\\\n",
       "\t3 & 4.7 & 3.2 & 1.3 & 0.2 & setosa\\\\\n",
       "\t4 & 4.6 & 3.1 & 1.5 & 0.2 & setosa\\\\\n",
       "\t5 & 5.0 & 3.6 & 1.4 & 0.2 & setosa\\\\\n",
       "\t6 & 5.4 & 3.9 & 1.7 & 0.4 & setosa\\\\\n",
       "\\end{tabular}\n"
      ],
      "text/markdown": [
       "\n",
       "A data.frame: 6 × 5\n",
       "\n",
       "| <!--/--> | Sepal.Length &lt;dbl&gt; | Sepal.Width &lt;dbl&gt; | Petal.Length &lt;dbl&gt; | Petal.Width &lt;dbl&gt; | Species &lt;fct&gt; |\n",
       "|---|---|---|---|---|---|\n",
       "| 1 | 5.1 | 3.5 | 1.4 | 0.2 | setosa |\n",
       "| 2 | 4.9 | 3.0 | 1.4 | 0.2 | setosa |\n",
       "| 3 | 4.7 | 3.2 | 1.3 | 0.2 | setosa |\n",
       "| 4 | 4.6 | 3.1 | 1.5 | 0.2 | setosa |\n",
       "| 5 | 5.0 | 3.6 | 1.4 | 0.2 | setosa |\n",
       "| 6 | 5.4 | 3.9 | 1.7 | 0.4 | setosa |\n",
       "\n"
      ],
      "text/plain": [
       "  Sepal.Length Sepal.Width Petal.Length Petal.Width Species\n",
       "1 5.1          3.5         1.4          0.2         setosa \n",
       "2 4.9          3.0         1.4          0.2         setosa \n",
       "3 4.7          3.2         1.3          0.2         setosa \n",
       "4 4.6          3.1         1.5          0.2         setosa \n",
       "5 5.0          3.6         1.4          0.2         setosa \n",
       "6 5.4          3.9         1.7          0.4         setosa "
      ]
     },
     "metadata": {},
     "output_type": "display_data"
    }
   ],
   "source": [
    "head(iris) # отобразить первые строки датасета"
   ]
  },
  {
   "cell_type": "markdown",
   "metadata": {},
   "source": [
    "Так как задача кластеризации относится к группе задач обучения без учителя, то входные данные разобьем на 2 отдельных датасета:\n",
    "- iris.input - матрица, содержащая 4 колонки характеристик\n",
    "- iris.class - вектор, содержащий реальные значения вида цветов ириса (будем использовать для сравнения результатов)"
   ]
  },
  {
   "cell_type": "code",
   "execution_count": 3,
   "metadata": {
    "scrolled": true
   },
   "outputs": [],
   "source": [
    "iris.input<-iris[,1:4]\n",
    "iris.class<-iris[,\"Species\"]"
   ]
  },
  {
   "cell_type": "markdown",
   "metadata": {},
   "source": [
    "## Aлгоритм нечёткой кластеризации C-средних (C-Means)\n",
    "Aлгоритм нечёткой кластеризации C-средних позволяет разбить имеющееся множество элементов мощностью N на заданное число нечётких множеств K. Этот метод можно рассматривать как усовершенствованный метод k-средних, при котором для каждого элемента из рассматриваемого множества рассчитывается степень его принадлежности каждому из кластеров. \n",
    "\n",
    "Fuzzy c-means алгоритм представляет собой итеративное исполнение шагов, на каждом из которых формируется нечеткое разбиение входного множества объектов на заданное количество кластеров, которые характеризуются совокупностью функций принадлежности, и для для нового нечеткого разбиения рассчитываются центры нечетких кластеров и значения целевой функции.\n",
    "\n",
    "Воспользуемся функцией fuzzy.CM() пакета advclust. Она имеет следующие параметры:\n",
    "- X - матрица наблюдений;\n",
    "- K - наперед заданное количество кластеров;\n",
    "- m - параметр фуззификации (степень размытия границ между кластерами);\n",
    "- max.iteration - максимальное количество итераций\n",
    "- threshold - порог чувсвительности изменения положений центроидов;\n",
    "- RandomNumber - необязательный параметр, отвечающий за инициализацию нечеткого разбиения на первой итерации\n",
    "\n",
    "Выполним разбиение имеющегося множества на 3 кластера методом нечёткой кластеризации C-средних и посмотрим на результат выполнения метода:"
   ]
  },
  {
   "cell_type": "code",
   "execution_count": 4,
   "metadata": {
    "scrolled": false
   },
   "outputs": [
    {
     "name": "stdout",
     "output_type": "stream",
     "text": [
      "\n",
      "Membership initialiazed randomly\n",
      "\n",
      " iteration:\t 28\n",
      "Finish :)\n",
      "Function call: fuzzy.CM(X = iris.input, K = 3, m = 2, max.iteration = 100, threshold = 1e-05,  Function call:     RandomNumber = 1234)\n",
      "Fuzzy C-Means\n",
      "Function objective: 60.5057106345492\n",
      "Membership & Label Matrix:\n",
      "\n",
      "|        | Cluster 1| Cluster 2| Cluster 3| Label|\n",
      "|:-------|---------:|---------:|---------:|-----:|\n",
      "|Obs 1   |     0.002|     0.997|     0.001|     2|\n",
      "|Obs 2   |     0.017|     0.976|     0.007|     2|\n",
      "|Obs 3   |     0.014|     0.980|     0.006|     2|\n",
      "|Obs 4   |     0.022|     0.967|     0.010|     2|\n",
      "|Obs 5   |     0.004|     0.994|     0.002|     2|\n",
      "|Obs 6   |     0.045|     0.935|     0.021|     2|\n",
      "|Obs 7   |     0.014|     0.979|     0.007|     2|\n",
      "|Obs 8   |     0.000|     1.000|     0.000|     2|\n",
      "|Obs 9   |     0.048|     0.930|     0.022|     2|\n",
      "|Obs 10  |     0.012|     0.983|     0.005|     2|\n",
      "|Obs 11  |     0.022|     0.968|     0.010|     2|\n",
      "|Obs 12  |     0.005|     0.992|     0.002|     2|\n",
      "|Obs 13  |     0.020|     0.971|     0.009|     2|\n",
      "|Obs 14  |     0.052|     0.923|     0.025|     2|\n",
      "|Obs 15  |     0.073|     0.890|     0.038|     2|\n",
      "|Obs 16  |     0.104|     0.841|     0.054|     2|\n",
      "|Obs 17  |     0.036|     0.947|     0.017|     2|\n",
      "|Obs 18  |     0.002|     0.997|     0.001|     2|\n",
      "|Obs 19  |     0.066|     0.904|     0.030|     2|\n",
      "|Obs 20  |     0.014|     0.979|     0.007|     2|\n",
      "|Obs 21  |     0.022|     0.969|     0.010|     2|\n",
      "|Obs 22  |     0.010|     0.985|     0.005|     2|\n",
      "|Obs 23  |     0.028|     0.959|     0.014|     2|\n",
      "|Obs 24  |     0.014|     0.979|     0.006|     2|\n",
      "|Obs 25  |     0.023|     0.967|     0.010|     2|\n",
      "|Obs 26  |     0.018|     0.974|     0.008|     2|\n",
      "|Obs 27  |     0.004|     0.995|     0.002|     2|\n",
      "|Obs 28  |     0.005|     0.993|     0.002|     2|\n",
      "|Obs 29  |     0.004|     0.994|     0.002|     2|\n",
      "|Obs 30  |     0.014|     0.980|     0.006|     2|\n",
      "|Obs 31  |     0.015|     0.979|     0.006|     2|\n",
      "|Obs 32  |     0.018|     0.974|     0.008|     2|\n",
      "|Obs 33  |     0.041|     0.939|     0.020|     2|\n",
      "|Obs 34  |     0.063|     0.904|     0.032|     2|\n",
      "|Obs 35  |     0.010|     0.985|     0.005|     2|\n",
      "|Obs 36  |     0.010|     0.985|     0.005|     2|\n",
      "|Obs 37  |     0.024|     0.964|     0.012|     2|\n",
      "|Obs 38  |     0.006|     0.991|     0.003|     2|\n",
      "|Obs 39  |     0.041|     0.940|     0.019|     2|\n",
      "|Obs 40  |     0.001|     0.998|     0.001|     2|\n",
      "|Obs 41  |     0.004|     0.995|     0.002|     2|\n",
      "|Obs 42  |     0.102|     0.851|     0.047|     2|\n",
      "|Obs 43  |     0.032|     0.953|     0.015|     2|\n",
      "|Obs 44  |     0.014|     0.979|     0.006|     2|\n",
      "|Obs 45  |     0.038|     0.945|     0.017|     2|\n",
      "|Obs 46  |     0.019|     0.972|     0.009|     2|\n",
      "|Obs 47  |     0.016|     0.977|     0.007|     2|\n",
      "|Obs 48  |     0.018|     0.974|     0.008|     2|\n",
      "|Obs 49  |     0.016|     0.977|     0.007|     2|\n",
      "|Obs 50  |     0.002|     0.997|     0.001|     2|\n",
      "|Obs 51  |     0.454|     0.045|     0.501|     3|\n",
      "|Obs 52  |     0.764|     0.029|     0.207|     1|\n",
      "|Obs 53  |     0.369|     0.031|     0.600|     3|\n",
      "|Obs 54  |     0.870|     0.049|     0.080|     1|\n",
      "|Obs 55  |     0.759|     0.024|     0.217|     1|\n",
      "|Obs 56  |     0.974|     0.006|     0.020|     1|\n",
      "|Obs 57  |     0.673|     0.030|     0.297|     1|\n",
      "|Obs 58  |     0.583|     0.285|     0.132|     1|\n",
      "|Obs 59  |     0.721|     0.031|     0.248|     1|\n",
      "|Obs 60  |     0.831|     0.075|     0.095|     1|\n",
      "|Obs 61  |     0.637|     0.218|     0.145|     1|\n",
      "|Obs 62  |     0.962|     0.009|     0.029|     1|\n",
      "|Obs 63  |     0.843|     0.056|     0.101|     1|\n",
      "|Obs 64  |     0.900|     0.012|     0.088|     1|\n",
      "|Obs 65  |     0.816|     0.092|     0.092|     1|\n",
      "|Obs 66  |     0.690|     0.042|     0.268|     1|\n",
      "|Obs 67  |     0.933|     0.014|     0.053|     1|\n",
      "|Obs 68  |     0.926|     0.026|     0.048|     1|\n",
      "|Obs 69  |     0.835|     0.027|     0.137|     1|\n",
      "|Obs 70  |     0.878|     0.052|     0.071|     1|\n",
      "|Obs 71  |     0.722|     0.028|     0.251|     1|\n",
      "|Obs 72  |     0.934|     0.019|     0.046|     1|\n",
      "|Obs 73  |     0.705|     0.024|     0.271|     1|\n",
      "|Obs 74  |     0.903|     0.014|     0.083|     1|\n",
      "|Obs 75  |     0.876|     0.023|     0.101|     1|\n",
      "|Obs 76  |     0.755|     0.034|     0.211|     1|\n",
      "|Obs 77  |     0.524|     0.034|     0.443|     1|\n",
      "|Obs 78  |     0.306|     0.021|     0.672|     3|\n",
      "|Obs 79  |     0.969|     0.005|     0.026|     1|\n",
      "|Obs 80  |     0.767|     0.128|     0.105|     1|\n",
      "|Obs 81  |     0.832|     0.078|     0.090|     1|\n",
      "|Obs 82  |     0.795|     0.104|     0.101|     1|\n",
      "|Obs 83  |     0.919|     0.031|     0.050|     1|\n",
      "|Obs 84  |     0.656|     0.024|     0.320|     1|\n",
      "|Obs 85  |     0.891|     0.026|     0.082|     1|\n",
      "|Obs 86  |     0.797|     0.032|     0.171|     1|\n",
      "|Obs 87  |     0.555|     0.033|     0.411|     1|\n",
      "|Obs 88  |     0.858|     0.027|     0.115|     1|\n",
      "|Obs 89  |     0.929|     0.024|     0.047|     1|\n",
      "|Obs 90  |     0.899|     0.038|     0.062|     1|\n",
      "|Obs 91  |     0.931|     0.020|     0.049|     1|\n",
      "|Obs 92  |     0.916|     0.012|     0.073|     1|\n",
      "|Obs 93  |     0.936|     0.023|     0.042|     1|\n",
      "|Obs 94  |     0.598|     0.269|     0.133|     1|\n",
      "|Obs 95  |     0.959|     0.013|     0.028|     1|\n",
      "|Obs 96  |     0.946|     0.017|     0.038|     1|\n",
      "|Obs 97  |     0.967|     0.010|     0.023|     1|\n",
      "|Obs 98  |     0.944|     0.011|     0.045|     1|\n",
      "|Obs 99  |     0.520|     0.355|     0.125|     1|\n",
      "|Obs 100 |     0.961|     0.013|     0.027|     1|\n",
      "|Obs 101 |     0.121|     0.019|     0.860|     3|\n",
      "|Obs 102 |     0.616|     0.029|     0.355|     1|\n",
      "|Obs 103 |     0.038|     0.006|     0.956|     3|\n",
      "|Obs 104 |     0.142|     0.013|     0.846|     3|\n",
      "|Obs 105 |     0.038|     0.005|     0.958|     3|\n",
      "|Obs 106 |     0.153|     0.035|     0.812|     3|\n",
      "|Obs 107 |     0.760|     0.073|     0.167|     1|\n",
      "|Obs 108 |     0.115|     0.022|     0.863|     3|\n",
      "|Obs 109 |     0.117|     0.014|     0.869|     3|\n",
      "|Obs 110 |     0.115|     0.024|     0.861|     3|\n",
      "|Obs 111 |     0.210|     0.017|     0.773|     3|\n",
      "|Obs 112 |     0.223|     0.016|     0.761|     3|\n",
      "|Obs 113 |     0.010|     0.001|     0.989|     3|\n",
      "|Obs 114 |     0.660|     0.034|     0.306|     1|\n",
      "|Obs 115 |     0.461|     0.038|     0.501|     3|\n",
      "|Obs 116 |     0.136|     0.014|     0.850|     3|\n",
      "|Obs 117 |     0.080|     0.007|     0.913|     3|\n",
      "|Obs 118 |     0.186|     0.051|     0.764|     3|\n",
      "|Obs 119 |     0.193|     0.049|     0.758|     3|\n",
      "|Obs 120 |     0.711|     0.032|     0.257|     1|\n",
      "|Obs 121 |     0.026|     0.004|     0.970|     3|\n",
      "|Obs 122 |     0.707|     0.034|     0.259|     1|\n",
      "|Obs 123 |     0.175|     0.042|     0.783|     3|\n",
      "|Obs 124 |     0.596|     0.023|     0.381|     1|\n",
      "|Obs 125 |     0.022|     0.003|     0.975|     3|\n",
      "|Obs 126 |     0.075|     0.013|     0.912|     3|\n",
      "|Obs 127 |     0.708|     0.021|     0.271|     1|\n",
      "|Obs 128 |     0.647|     0.023|     0.330|     1|\n",
      "|Obs 129 |     0.083|     0.008|     0.909|     3|\n",
      "|Obs 130 |     0.095|     0.014|     0.891|     3|\n",
      "|Obs 131 |     0.107|     0.020|     0.873|     3|\n",
      "|Obs 132 |     0.189|     0.051|     0.760|     3|\n",
      "|Obs 133 |     0.085|     0.009|     0.906|     3|\n",
      "|Obs 134 |     0.540|     0.023|     0.436|     1|\n",
      "|Obs 135 |     0.393|     0.031|     0.576|     3|\n",
      "|Obs 136 |     0.132|     0.029|     0.840|     3|\n",
      "|Obs 137 |     0.129|     0.017|     0.854|     3|\n",
      "|Obs 138 |     0.110|     0.010|     0.880|     3|\n",
      "|Obs 139 |     0.750|     0.022|     0.228|     1|\n",
      "|Obs 140 |     0.029|     0.003|     0.968|     3|\n",
      "|Obs 141 |     0.038|     0.005|     0.957|     3|\n",
      "|Obs 142 |     0.129|     0.015|     0.855|     3|\n",
      "|Obs 143 |     0.616|     0.029|     0.355|     1|\n",
      "|Obs 144 |     0.034|     0.005|     0.961|     3|\n",
      "|Obs 145 |     0.063|     0.010|     0.927|     3|\n",
      "|Obs 146 |     0.106|     0.011|     0.882|     3|\n",
      "|Obs 147 |     0.508|     0.026|     0.467|     1|\n",
      "|Obs 148 |     0.156|     0.012|     0.831|     3|\n",
      "|Obs 149 |     0.189|     0.022|     0.789|     3|\n",
      "|Obs 150 |     0.582|     0.027|     0.391|     1|\n",
      "\n",
      "Centroid:\n",
      "\n",
      "|          | Sepal.Length| Sepal.Width| Petal.Length| Petal.Width|\n",
      "|:---------|------------:|-----------:|------------:|-----------:|\n",
      "|Cluster 1 |        5.889|       2.761|        4.364|       1.397|\n",
      "|Cluster 2 |        5.004|       3.414|        1.483|       0.254|\n",
      "|Cluster 3 |        6.775|       3.052|        5.647|       2.054|\n"
     ]
    }
   ],
   "source": [
    "fuzzy.CM(X=iris.input, K=3, m=2, \n",
    "         max.iteration=100, threshold=1e-5, \n",
    "         RandomNumber=1234)->cl_CM\n",
    "\n",
    "show(cl_CM)"
   ]
  },
  {
   "cell_type": "markdown",
   "metadata": {},
   "source": [
    "## Aлгоритм Густафсона-Кесселя (Gustafson-Kessel)\n",
    "\n",
    "Aлгоритм нечеткой кластеризации Густафсона-Кесселя совершенствует алгоритмом нечёткой кластеризации C-средних, используя адаптивную норму расстояния для каждого кластера (то есть решение задачи вычисления оптимального размещения центров также происходит путем многократного пересчета коэффициентов принадлежности и координат центров, но с учетом масштабирования при рассчете расстояний). Это позволяет использовать алгоритм Густафсона-Кесселя для подсчета кластеров не только сферической, но и эллипсоидной формы.\n",
    "\n",
    "Воспользуемся функцией fuzzy.GK() пакета advclust. Она имеет следующие параметры:\n",
    "- X - матрица наблюдений;\n",
    "- K - наперед заданное количество кластеров;\n",
    "- m - параметр фуззификации (степень размытия границ между кластерами);\n",
    "- max.iteration - максимальное количество итераций\n",
    "- threshold - порог чувсвительности изменения положений центроидов;\n",
    "- RandomNumber - необязательный параметр, отвечающий за инициализацию нечеткого разбиения на первой итерации\n",
    "\n",
    "Выполним разбиение имеющегося множества на 3 кластера методом Густафсона-Кесселя, используя те же самые значения параметров, и посмотрим на результат выполнения метода:"
   ]
  },
  {
   "cell_type": "code",
   "execution_count": 5,
   "metadata": {
    "scrolled": false
   },
   "outputs": [
    {
     "name": "stdout",
     "output_type": "stream",
     "text": [
      "Default Gamma (0) will be used\n",
      "Default rho will be used\n",
      "\n",
      "Membership initialiazed randomly\n",
      "\n",
      " iteration:\t 100\n",
      "Finish :)\n",
      "Function call: fuzzy.GK(X = iris.input, K = 3, m = 2, max.iteration = 100, threshold = 1e-05,  Function call:     RandomNumber = 1234)\n",
      "Gustafson Kessel Clustering\n",
      "Function objective: 31.5266810711856\n",
      "Membership & Label Matrix:\n",
      "\n",
      "|        | Cluster 1| Cluster 2| Cluster 3| Label|\n",
      "|:-------|---------:|---------:|---------:|-----:|\n",
      "|Obs 1   |     0.004|     0.995|     0.001|     2|\n",
      "|Obs 2   |     0.032|     0.957|     0.011|     2|\n",
      "|Obs 3   |     0.015|     0.979|     0.005|     2|\n",
      "|Obs 4   |     0.024|     0.967|     0.009|     2|\n",
      "|Obs 5   |     0.006|     0.992|     0.002|     2|\n",
      "|Obs 6   |     0.027|     0.962|     0.011|     2|\n",
      "|Obs 7   |     0.041|     0.944|     0.015|     2|\n",
      "|Obs 8   |     0.003|     0.995|     0.001|     2|\n",
      "|Obs 9   |     0.051|     0.932|     0.017|     2|\n",
      "|Obs 10  |     0.037|     0.948|     0.015|     2|\n",
      "|Obs 11  |     0.015|     0.979|     0.006|     2|\n",
      "|Obs 12  |     0.021|     0.970|     0.009|     2|\n",
      "|Obs 13  |     0.037|     0.949|     0.014|     2|\n",
      "|Obs 14  |     0.075|     0.899|     0.026|     2|\n",
      "|Obs 15  |     0.050|     0.929|     0.022|     2|\n",
      "|Obs 16  |     0.040|     0.942|     0.018|     2|\n",
      "|Obs 17  |     0.042|     0.942|     0.016|     2|\n",
      "|Obs 18  |     0.007|     0.990|     0.003|     2|\n",
      "|Obs 19  |     0.036|     0.949|     0.015|     2|\n",
      "|Obs 20  |     0.014|     0.980|     0.006|     2|\n",
      "|Obs 21  |     0.047|     0.933|     0.020|     2|\n",
      "|Obs 22  |     0.027|     0.963|     0.010|     2|\n",
      "|Obs 23  |     0.074|     0.898|     0.028|     2|\n",
      "|Obs 24  |     0.088|     0.884|     0.028|     2|\n",
      "|Obs 25  |     0.081|     0.879|     0.041|     2|\n",
      "|Obs 26  |     0.050|     0.932|     0.018|     2|\n",
      "|Obs 27  |     0.029|     0.961|     0.010|     2|\n",
      "|Obs 28  |     0.008|     0.989|     0.003|     2|\n",
      "|Obs 29  |     0.013|     0.982|     0.005|     2|\n",
      "|Obs 30  |     0.026|     0.964|     0.010|     2|\n",
      "|Obs 31  |     0.025|     0.965|     0.009|     2|\n",
      "|Obs 32  |     0.052|     0.929|     0.019|     2|\n",
      "|Obs 33  |     0.042|     0.937|     0.021|     2|\n",
      "|Obs 34  |     0.027|     0.960|     0.013|     2|\n",
      "|Obs 35  |     0.018|     0.976|     0.006|     2|\n",
      "|Obs 36  |     0.036|     0.952|     0.012|     2|\n",
      "|Obs 37  |     0.045|     0.938|     0.018|     2|\n",
      "|Obs 38  |     0.023|     0.967|     0.010|     2|\n",
      "|Obs 39  |     0.049|     0.935|     0.016|     2|\n",
      "|Obs 40  |     0.006|     0.992|     0.002|     2|\n",
      "|Obs 41  |     0.018|     0.976|     0.006|     2|\n",
      "|Obs 42  |     0.229|     0.710|     0.061|     2|\n",
      "|Obs 43  |     0.050|     0.932|     0.018|     2|\n",
      "|Obs 44  |     0.132|     0.823|     0.045|     2|\n",
      "|Obs 45  |     0.064|     0.908|     0.028|     2|\n",
      "|Obs 46  |     0.041|     0.947|     0.012|     2|\n",
      "|Obs 47  |     0.022|     0.968|     0.010|     2|\n",
      "|Obs 48  |     0.019|     0.974|     0.007|     2|\n",
      "|Obs 49  |     0.010|     0.986|     0.004|     2|\n",
      "|Obs 50  |     0.006|     0.992|     0.002|     2|\n",
      "|Obs 51  |     0.724|     0.029|     0.247|     1|\n",
      "|Obs 52  |     0.788|     0.015|     0.197|     1|\n",
      "|Obs 53  |     0.777|     0.013|     0.210|     1|\n",
      "|Obs 54  |     0.700|     0.025|     0.274|     1|\n",
      "|Obs 55  |     0.756|     0.011|     0.234|     1|\n",
      "|Obs 56  |     0.630|     0.019|     0.351|     1|\n",
      "|Obs 57  |     0.688|     0.017|     0.295|     1|\n",
      "|Obs 58  |     0.772|     0.052|     0.176|     1|\n",
      "|Obs 59  |     0.791|     0.015|     0.194|     1|\n",
      "|Obs 60  |     0.589|     0.032|     0.379|     1|\n",
      "|Obs 61  |     0.676|     0.068|     0.257|     1|\n",
      "|Obs 62  |     0.692|     0.019|     0.289|     1|\n",
      "|Obs 63  |     0.647|     0.051|     0.302|     1|\n",
      "|Obs 64  |     0.805|     0.007|     0.188|     1|\n",
      "|Obs 65  |     0.749|     0.043|     0.208|     1|\n",
      "|Obs 66  |     0.753|     0.027|     0.220|     1|\n",
      "|Obs 67  |     0.542|     0.021|     0.438|     1|\n",
      "|Obs 68  |     0.639|     0.042|     0.319|     1|\n",
      "|Obs 69  |     0.530|     0.036|     0.433|     1|\n",
      "|Obs 70  |     0.852|     0.016|     0.132|     1|\n",
      "|Obs 71  |     0.314|     0.017|     0.669|     3|\n",
      "|Obs 72  |     0.840|     0.018|     0.142|     1|\n",
      "|Obs 73  |     0.676|     0.009|     0.315|     1|\n",
      "|Obs 74  |     0.567|     0.026|     0.407|     1|\n",
      "|Obs 75  |     0.850|     0.014|     0.136|     1|\n",
      "|Obs 76  |     0.780|     0.020|     0.200|     1|\n",
      "|Obs 77  |     0.742|     0.015|     0.244|     1|\n",
      "|Obs 78  |     0.598|     0.008|     0.393|     1|\n",
      "|Obs 79  |     0.817|     0.005|     0.177|     1|\n",
      "|Obs 80  |     0.836|     0.037|     0.127|     1|\n",
      "|Obs 81  |     0.839|     0.019|     0.141|     1|\n",
      "|Obs 82  |     0.803|     0.030|     0.167|     1|\n",
      "|Obs 83  |     0.932|     0.008|     0.061|     1|\n",
      "|Obs 84  |     0.485|     0.009|     0.505|     3|\n",
      "|Obs 85  |     0.478|     0.030|     0.492|     3|\n",
      "|Obs 86  |     0.597|     0.033|     0.370|     1|\n",
      "|Obs 87  |     0.801|     0.012|     0.187|     1|\n",
      "|Obs 88  |     0.654|     0.030|     0.317|     1|\n",
      "|Obs 89  |     0.753|     0.023|     0.224|     1|\n",
      "|Obs 90  |     0.798|     0.014|     0.188|     1|\n",
      "|Obs 91  |     0.559|     0.028|     0.413|     1|\n",
      "|Obs 92  |     0.831|     0.008|     0.162|     1|\n",
      "|Obs 93  |     0.928|     0.007|     0.066|     1|\n",
      "|Obs 94  |     0.784|     0.050|     0.166|     1|\n",
      "|Obs 95  |     0.830|     0.009|     0.161|     1|\n",
      "|Obs 96  |     0.693|     0.032|     0.276|     1|\n",
      "|Obs 97  |     0.820|     0.013|     0.167|     1|\n",
      "|Obs 98  |     0.923|     0.006|     0.071|     1|\n",
      "|Obs 99  |     0.703|     0.097|     0.201|     1|\n",
      "|Obs 100 |     0.910|     0.006|     0.084|     1|\n",
      "|Obs 101 |     0.165|     0.018|     0.817|     3|\n",
      "|Obs 102 |     0.180|     0.011|     0.810|     3|\n",
      "|Obs 103 |     0.242|     0.007|     0.751|     3|\n",
      "|Obs 104 |     0.440|     0.011|     0.549|     3|\n",
      "|Obs 105 |     0.109|     0.006|     0.885|     3|\n",
      "|Obs 106 |     0.601|     0.013|     0.386|     1|\n",
      "|Obs 107 |     0.347|     0.043|     0.610|     3|\n",
      "|Obs 108 |     0.618|     0.015|     0.366|     1|\n",
      "|Obs 109 |     0.549|     0.014|     0.437|     1|\n",
      "|Obs 110 |     0.173|     0.015|     0.812|     3|\n",
      "|Obs 111 |     0.137|     0.008|     0.855|     3|\n",
      "|Obs 112 |     0.159|     0.005|     0.835|     3|\n",
      "|Obs 113 |     0.068|     0.004|     0.928|     3|\n",
      "|Obs 114 |     0.209|     0.022|     0.769|     3|\n",
      "|Obs 115 |     0.127|     0.026|     0.847|     3|\n",
      "|Obs 116 |     0.062|     0.007|     0.931|     3|\n",
      "|Obs 117 |     0.452|     0.006|     0.542|     3|\n",
      "|Obs 118 |     0.604|     0.022|     0.374|     1|\n",
      "|Obs 119 |     0.520|     0.024|     0.456|     1|\n",
      "|Obs 120 |     0.562|     0.023|     0.415|     1|\n",
      "|Obs 121 |     0.063|     0.005|     0.932|     3|\n",
      "|Obs 122 |     0.143|     0.015|     0.842|     3|\n",
      "|Obs 123 |     0.619|     0.018|     0.364|     1|\n",
      "|Obs 124 |     0.207|     0.009|     0.784|     3|\n",
      "|Obs 125 |     0.198|     0.007|     0.794|     3|\n",
      "|Obs 126 |     0.663|     0.011|     0.326|     1|\n",
      "|Obs 127 |     0.167|     0.007|     0.826|     3|\n",
      "|Obs 128 |     0.161|     0.005|     0.834|     3|\n",
      "|Obs 129 |     0.116|     0.006|     0.878|     3|\n",
      "|Obs 130 |     0.626|     0.016|     0.359|     1|\n",
      "|Obs 131 |     0.587|     0.013|     0.401|     1|\n",
      "|Obs 132 |     0.646|     0.024|     0.330|     1|\n",
      "|Obs 133 |     0.099|     0.007|     0.894|     3|\n",
      "|Obs 134 |     0.675|     0.007|     0.318|     1|\n",
      "|Obs 135 |     0.445|     0.039|     0.516|     3|\n",
      "|Obs 136 |     0.281|     0.020|     0.699|     3|\n",
      "|Obs 137 |     0.120|     0.014|     0.866|     3|\n",
      "|Obs 138 |     0.457|     0.009|     0.534|     3|\n",
      "|Obs 139 |     0.174|     0.007|     0.819|     3|\n",
      "|Obs 140 |     0.124|     0.008|     0.869|     3|\n",
      "|Obs 141 |     0.059|     0.007|     0.934|     3|\n",
      "|Obs 142 |     0.168|     0.030|     0.802|     3|\n",
      "|Obs 143 |     0.180|     0.011|     0.810|     3|\n",
      "|Obs 144 |     0.082|     0.005|     0.914|     3|\n",
      "|Obs 145 |     0.070|     0.009|     0.921|     3|\n",
      "|Obs 146 |     0.118|     0.018|     0.865|     3|\n",
      "|Obs 147 |     0.244|     0.018|     0.738|     3|\n",
      "|Obs 148 |     0.037|     0.002|     0.961|     3|\n",
      "|Obs 149 |     0.132|     0.015|     0.853|     3|\n",
      "|Obs 150 |     0.266|     0.011|     0.723|     3|\n",
      "\n",
      "Centroid:\n",
      "\n",
      "|          | Sepal.Length| Sepal.Width| Petal.Length| Petal.Width|\n",
      "|:---------|------------:|-----------:|------------:|-----------:|\n",
      "|Cluster 1 |        6.128|       2.802|        4.510|       1.402|\n",
      "|Cluster 2 |        5.014|       3.438|        1.465|       0.244|\n",
      "|Cluster 3 |        6.398|       2.975|        5.305|       2.015|\n"
     ]
    }
   ],
   "source": [
    "fuzzy.GK(X=iris.input, K = 3, m = 2, \n",
    "         max.iteration=100, threshold=1e-5,\n",
    "         RandomNumber = 1234)->cl_GK\n",
    "\n",
    "show(cl_GK)"
   ]
  },
  {
   "cell_type": "markdown",
   "metadata": {},
   "source": [
    "## Исследование полученных результатов и сравнение их с истинными значениями\n",
    "\n",
    "\n",
    "Итак, количество наблюдений в каждом кластере в результате нечёткой кластеризации C-средних следующее:"
   ]
  },
  {
   "cell_type": "code",
   "execution_count": 6,
   "metadata": {
    "scrolled": true
   },
   "outputs": [
    {
     "data": {
      "text/plain": [
       "\n",
       " 1  2  3 \n",
       "60 50 40 "
      ]
     },
     "metadata": {},
     "output_type": "display_data"
    }
   ],
   "source": [
    "table(cl_CM@hard.label)"
   ]
  },
  {
   "cell_type": "markdown",
   "metadata": {},
   "source": [
    "В то время, как как количество элементов в каждом кластере для второго алгоритма:"
   ]
  },
  {
   "cell_type": "code",
   "execution_count": 7,
   "metadata": {
    "scrolled": false
   },
   "outputs": [
    {
     "data": {
      "text/plain": [
       "\n",
       " 1  2  3 \n",
       "59 50 41 "
      ]
     },
     "metadata": {},
     "output_type": "display_data"
    }
   ],
   "source": [
    "table(cl_GK@hard.label)"
   ]
  },
  {
   "cell_type": "markdown",
   "metadata": {},
   "source": [
    "Рассмотрим, как именно распределились подсчитанные значения кластеров в сравнении с настоящими значениями вида ирисов:"
   ]
  },
  {
   "cell_type": "code",
   "execution_count": 8,
   "metadata": {
    "scrolled": true
   },
   "outputs": [
    {
     "data": {
      "text/plain": [
       "            \n",
       "iris.class    1  2  3\n",
       "  setosa      0 50  0\n",
       "  versicolor 47  0  3\n",
       "  virginica  13  0 37"
      ]
     },
     "metadata": {},
     "output_type": "display_data"
    }
   ],
   "source": [
    "# Для алгоритма с-средних:\n",
    "table(iris.class, cl_CM@hard.label)"
   ]
  },
  {
   "cell_type": "code",
   "execution_count": 9,
   "metadata": {
    "scrolled": false
   },
   "outputs": [
    {
     "data": {
      "text/plain": [
       "            \n",
       "iris.class    1  2  3\n",
       "  setosa      0 50  0\n",
       "  versicolor 47  0  3\n",
       "  virginica  12  0 38"
      ]
     },
     "metadata": {},
     "output_type": "display_data"
    }
   ],
   "source": [
    "# Для алгоритма Густафсона-Кесселя:\n",
    "table(iris.class, cl_GK@hard.label)"
   ]
  },
  {
   "cell_type": "markdown",
   "metadata": {},
   "source": [
    "Как видно из результатов выше, нечеткая кластеризация методом Густафсона-Кесселя дала чуть более аккуратное разбиение на кластеры в сравнении с методом с-средних. "
   ]
  },
  {
   "cell_type": "markdown",
   "metadata": {},
   "source": [
    "## Визуализация результатов\n",
    "Для визуализации результатов нечеткого кластерного анализа, в выбранном пакете есть удобные функции biploting и radar.plotting. \n",
    "\n",
    "Начнем с визуализации расчитанных кластеров при помощи метода biploting (который использует PCA для определения основных компонент прежде, чем визуализировать кластеры):"
   ]
  },
  {
   "cell_type": "code",
   "execution_count": 10,
   "metadata": {
    "scrolled": false
   },
   "outputs": [
    {
     "data": {
